PS C:\Users\28102\Desktop\test> & "C:/Program Files/Python313/python.exe" c:/Users/28102/Desktop/test/LAProject.py
请输入你的学号：525030910094

原始 17x17 整数矩阵 A：
[[5 2 5 0 3 0 9 1 0 0 9 4 2 5 4 2 5]
 [0 9 0 8 1 1 0 0 8 1 1 6 1 2 5 8 1]
 [2 5 0 2 7 0 7 2 9 1 0 0 7 2 9 6 4]
 [6 2 5 1 6 6 2 5 0 8 1 0 6 5 6 1 1]
 [0 0 6 5 6 1 2 5 6 3 1 2 5 3 2 3 1]
 [2 5 0 2 4 3 0 5 9 0 4 9 1 0 0 5 9]
 [0 4 9 1 0 2 4 1 5 6 2 5 6 4 1 5 6]
 [2 5 0 7 2 9 0 5 3 1 4 4 1 1 0 0 5]
 [3 1 4 4 1 4 0 9 6 7 8 1 2 5 1 2 8]
 [7 8 1 2 5 0 2 1 8 7 0 4 7 8 2 9 6]
 [9 1 0 0 4 7 8 2 9 6 9 1 6 3 8 4 3]
 [9 0 6 2 5 2 5 6 3 9 0 6 2 5 0 6 5]
 [6 1 0 4 3 0 4 6 7 2 1 1 0 0 4 3 0]
 [4 6 7 2 1 6 5 5 3 6 1 9 5 3 1 2 5]
 [5 1 2 1 9 5 3 1 2 5 0 1 9 6 8 3 0]
 [3 8 7 4 2 0 4 8 9 1 0 0 3 8 7 4 2]
 [0 4 8 9 2 6 2 1 4 4 9 7 6 5 6 2 5]]

17阶矩阵的精确整数行列式值：
-480150235407036

矩阵 A 的行最简形 (RREF)：
[[1. 0. 0. 0. 0. 0. 0. 0. 0. 0. 0. 0. 0. 0. 0. 0. 0.]
 [0. 1. 0. 0. 0. 0. 0. 0. 0. 0. 0. 0. 0. 0. 0. 0. 0.]
 [0. 0. 1. 0. 0. 0. 0. 0. 0. 0. 0. 0. 0. 0. 0. 0. 0.]
 [0. 0. 0. 1. 0. 0. 0. 0. 0. 0. 0. 0. 0. 0. 0. 0. 0.]
 [0. 0. 0. 0. 1. 0. 0. 0. 0. 0. 0. 0. 0. 0. 0. 0. 0.]
 [0. 0. 0. 0. 0. 1. 0. 0. 0. 0. 0. 0. 0. 0. 0. 0. 0.]
 [0. 0. 0. 0. 0. 0. 1. 0. 0. 0. 0. 0. 0. 0. 0. 0. 0.]
 [0. 0. 0. 0. 0. 0. 0. 1. 0. 0. 0. 0. 0. 0. 0. 0. 0.]
 [0. 0. 0. 0. 0. 0. 0. 0. 1. 0. 0. 0. 0. 0. 0. 0. 0.]
 [0. 0. 0. 0. 0. 0. 0. 0. 0. 1. 0. 0. 0. 0. 0. 0. 0.]
 [0. 0. 0. 0. 0. 0. 0. 0. 0. 0. 1. 0. 0. 0. 0. 0. 0.]
 [0. 0. 0. 0. 0. 0. 0. 0. 0. 0. 0. 1. 0. 0. 0. 0. 0.]
 [0. 0. 0. 0. 0. 0. 0. 0. 0. 0. 0. 0. 1. 0. 0. 0. 0.]
 [0. 0. 0. 0. 0. 0. 0. 0. 0. 0. 0. 0. 0. 1. 0. 0. 0.]
 [0. 0. 0. 0. 0. 0. 0. 0. 0. 0. 0. 0. 0. 0. 1. 0. 0.]
 [0. 0. 0. 0. 0. 0. 0. 0. 0. 0. 0. 0. 0. 0. 0. 1. 0.]
 [0. 0. 0. 0. 0. 0. 0. 0. 0. 0. 0. 0. 0. 0. 0. 0. 1.]]

Ax=0 的基础解系（列向量）：
只有零解 x = 0

满秩分解结果 A = B @ C：
B (列满秩 17×rank)：
[[5. 2. 5. 0. 3. 0. 9. 1. 0. 0. 9. 4. 2. 5. 4. 2. 5.]
 [0. 9. 0. 8. 1. 1. 0. 0. 8. 1. 1. 6. 1. 2. 5. 8. 1.]
 [2. 5. 0. 2. 7. 0. 7. 2. 9. 1. 0. 0. 7. 2. 9. 6. 4.]
 [6. 2. 5. 1. 6. 6. 2. 5. 0. 8. 1. 0. 6. 5. 6. 1. 1.]
 [0. 0. 6. 5. 6. 1. 2. 5. 6. 3. 1. 2. 5. 3. 2. 3. 1.]
 [2. 5. 0. 2. 4. 3. 0. 5. 9. 0. 4. 9. 1. 0. 0. 5. 9.]
 [0. 4. 9. 1. 0. 2. 4. 1. 5. 6. 2. 5. 6. 4. 1. 5. 6.]
 [2. 5. 0. 7. 2. 9. 0. 5. 3. 1. 4. 4. 1. 1. 0. 0. 5.]
 [3. 1. 4. 4. 1. 4. 0. 9. 6. 7. 8. 1. 2. 5. 1. 2. 8.]
 [7. 8. 1. 2. 5. 0. 2. 1. 8. 7. 0. 4. 7. 8. 2. 9. 6.]
 [9. 1. 0. 0. 4. 7. 8. 2. 9. 6. 9. 1. 6. 3. 8. 4. 3.]
 [9. 0. 6. 2. 5. 2. 5. 6. 3. 9. 0. 6. 2. 5. 0. 6. 5.]
 [6. 1. 0. 4. 3. 0. 4. 6. 7. 2. 1. 1. 0. 0. 4. 3. 0.]
 [4. 6. 7. 2. 1. 6. 5. 5. 3. 6. 1. 9. 5. 3. 1. 2. 5.]
 [5. 1. 2. 1. 9. 5. 3. 1. 2. 5. 0. 1. 9. 6. 8. 3. 0.]
 [3. 8. 7. 4. 2. 0. 4. 8. 9. 1. 0. 0. 3. 8. 7. 4. 2.]
 [0. 4. 8. 9. 2. 6. 2. 1. 4. 4. 9. 7. 6. 5. 6. 2. 5.]]

C (行满秩 rank×17)：
[[1. 0. 0. 0. 0. 0. 0. 0. 0. 0. 0. 0. 0. 0. 0. 0. 0.]
 [0. 1. 0. 0. 0. 0. 0. 0. 0. 0. 0. 0. 0. 0. 0. 0. 0.]
 [0. 0. 1. 0. 0. 0. 0. 0. 0. 0. 0. 0. 0. 0. 0. 0. 0.]
 [0. 0. 0. 1. 0. 0. 0. 0. 0. 0. 0. 0. 0. 0. 0. 0. 0.]
 [0. 0. 0. 0. 1. 0. 0. 0. 0. 0. 0. 0. 0. 0. 0. 0. 0.]
 [0. 0. 0. 0. 0. 1. 0. 0. 0. 0. 0. 0. 0. 0. 0. 0. 0.]
 [0. 0. 0. 0. 0. 0. 1. 0. 0. 0. 0. 0. 0. 0. 0. 0. 0.]
 [0. 0. 0. 0. 0. 0. 0. 1. 0. 0. 0. 0. 0. 0. 0. 0. 0.]
 [0. 0. 0. 0. 0. 0. 0. 0. 1. 0. 0. 0. 0. 0. 0. 0. 0.]
 [0. 0. 0. 0. 0. 0. 0. 0. 0. 1. 0. 0. 0. 0. 0. 0. 0.]
 [0. 0. 0. 0. 0. 0. 0. 0. 0. 0. 1. 0. 0. 0. 0. 0. 0.]
 [0. 0. 0. 0. 0. 0. 0. 0. 0. 0. 0. 1. 0. 0. 0. 0. 0.]
 [0. 0. 0. 0. 0. 0. 0. 0. 0. 0. 0. 0. 1. 0. 0. 0. 0.]
 [0. 0. 0. 0. 0. 0. 0. 0. 0. 0. 0. 0. 0. 1. 0. 0. 0.]
 [0. 0. 0. 0. 0. 0. 0. 0. 0. 0. 0. 0. 0. 0. 1. 0. 0.]
 [0. 0. 0. 0. 0. 0. 0. 0. 0. 0. 0. 0. 0. 0. 0. 1. 0.]
 [0. 0. 0. 0. 0. 0. 0. 0. 0. 0. 0. 0. 0. 0. 0. 0. 1.]]

A 的列向量组的一个极大无关组（主元列）：
[[5. 2. 5. 0. 3. 0. 9. 1. 0. 0. 9. 4. 2. 5. 4. 2. 5.]
 [0. 9. 0. 8. 1. 1. 0. 0. 8. 1. 1. 6. 1. 2. 5. 8. 1.]
 [2. 5. 0. 2. 7. 0. 7. 2. 9. 1. 0. 0. 7. 2. 9. 6. 4.]
 [6. 2. 5. 1. 6. 6. 2. 5. 0. 8. 1. 0. 6. 5. 6. 1. 1.]
 [0. 0. 6. 5. 6. 1. 2. 5. 6. 3. 1. 2. 5. 3. 2. 3. 1.]
 [2. 5. 0. 2. 4. 3. 0. 5. 9. 0. 4. 9. 1. 0. 0. 5. 9.]
 [0. 4. 9. 1. 0. 2. 4. 1. 5. 6. 2. 5. 6. 4. 1. 5. 6.]
 [2. 5. 0. 7. 2. 9. 0. 5. 3. 1. 4. 4. 1. 1. 0. 0. 5.]
 [3. 1. 4. 4. 1. 4. 0. 9. 6. 7. 8. 1. 2. 5. 1. 2. 8.]
 [7. 8. 1. 2. 5. 0. 2. 1. 8. 7. 0. 4. 7. 8. 2. 9. 6.]
 [9. 1. 0. 0. 4. 7. 8. 2. 9. 6. 9. 1. 6. 3. 8. 4. 3.]
 [9. 0. 6. 2. 5. 2. 5. 6. 3. 9. 0. 6. 2. 5. 0. 6. 5.]
 [6. 1. 0. 4. 3. 0. 4. 6. 7. 2. 1. 1. 0. 0. 4. 3. 0.]
 [4. 6. 7. 2. 1. 6. 5. 5. 3. 6. 1. 9. 5. 3. 1. 2. 5.]
 [5. 1. 2. 1. 9. 5. 3. 1. 2. 5. 0. 1. 9. 6. 8. 3. 0.]
 [3. 8. 7. 4. 2. 0. 4. 8. 9. 1. 0. 0. 3. 8. 7. 4. 2.]
 [0. 4. 8. 9. 2. 6. 2. 1. 4. 4. 9. 7. 6. 5. 6. 2. 5.]]

极大无关组的标准正交组：
[[ 0.256833 -0.021623  0.169641 -0.180687 -0.02355  -0.19013   0.449957
  -0.103376 -0.422683 -0.2646    0.537655  0.108387 -0.081465  0.039303
  -0.111061  0.137664 -0.182565]
 [ 0.        0.538373 -0.227884  0.274157 -0.10333  -0.164169  0.015224
  -0.260399  0.004871  0.174172 -0.018826  0.0832   -0.418579  0.057445
   0.320983  0.068476 -0.391828]
 [ 0.102733  0.242591 -0.165208 -0.059647  0.501348 -0.116209  0.470574
   0.205352 -0.024142  0.434574  0.002502 -0.028031 -0.014003 -0.028943
   0.042062 -0.163051  0.389438]
 [ 0.308199 -0.049876  0.150338 -0.084491  0.183972  0.250894 -0.334604
   0.001968 -0.28305   0.13126   0.069736 -0.282609 -0.342163 -0.586997
   0.098025 -0.091724 -0.047821]
 [ 0.        0.        0.380156  0.327742  0.446085 -0.191181 -0.002467
   0.146672  0.177703 -0.034329 -0.100428  0.05786   0.017534 -0.020262
  -0.380319 -0.230417 -0.49635 ]
 [ 0.102733  0.242591 -0.165208 -0.059647  0.21246   0.152072 -0.191743
   0.315345  0.279335 -0.465142  0.214411  0.537128 -0.116781 -0.159653
   0.095551  0.01594   0.133776]
 [ 0.        0.239277  0.468953 -0.30138  -0.057944  0.088021  0.098316
  -0.105148  0.376895  0.180424 -0.11103   0.032267 -0.202325 -0.078661
  -0.228508  0.548881  0.107666]
 [ 0.102733  0.242591 -0.165208  0.395246 -0.093658  0.470146  0.033428
   0.144369 -0.340149 -0.053747 -0.112521 -0.041022 -0.093258  0.175355
  -0.528162  0.165229  0.129143]
 [ 0.1541   -0.024938  0.170208  0.244392 -0.184616  0.057858 -0.1982
   0.431904  0.179998  0.38927   0.563081 -0.114312  0.104314  0.247123
   0.159313  0.105219 -0.034909]
 [ 0.359566  0.280787 -0.274325 -0.205975  0.00643  -0.247939 -0.374473
  -0.333733  0.121315  0.115214  0.180225 -0.063962  0.341587 -0.003777
  -0.413943 -0.089562  0.020925]
 [ 0.462299 -0.194452 -0.199048 -0.003449 -0.144762  0.326977  0.392534
  -0.09202   0.512579 -0.115924 -0.036167 -0.224126 -0.116125  0.025496
   0.002636 -0.214492 -0.174787]
 [ 0.462299 -0.254271  0.206429  0.101765 -0.110043 -0.257455 -0.169962
  -0.074113 -0.076614  0.094115 -0.247401  0.36406  -0.355333  0.315005
   0.001565 -0.159608  0.310552]
 [ 0.308199 -0.109695 -0.141139  0.344812 -0.155897 -0.352021  0.132913
   0.198558  0.004269 -0.033556 -0.235907  0.0375    0.281661 -0.465583
   0.069341  0.435583  0.002646]
 [ 0.205466  0.245906  0.214381 -0.247963 -0.216939  0.303736  0.088245
   0.124456 -0.208342  0.215024 -0.262573  0.373217  0.418549 -0.032021
   0.16693  -0.219019 -0.278127]
 [ 0.256833 -0.081443  0.004883  0.024275  0.542601  0.205476 -0.128278
  -0.215709 -0.077225 -0.105745 -0.115299 -0.09042   0.23112   0.376706
   0.331742  0.416794 -0.097264]
 [ 0.1541    0.393797  0.183043 -0.172039 -0.111389 -0.253541 -0.054327
   0.36664  -0.045793 -0.401332 -0.223985 -0.505645 -0.024101  0.20352
   0.12921  -0.105811  0.071451]
 [ 0.        0.239277  0.405594  0.447641 -0.043968  0.10625   0.094921
  -0.422765  0.077771 -0.184061  0.156656 -0.04022   0.247956 -0.157582
   0.179313 -0.215072  0.382212]]

矩阵 A + A^T：
[[10  2  7  6  3  2  9  3  3  7 18 13  8  9  9  5  5]
 [ 2 18  5 10  1  6  4  5  9  9  2  6  2  8  6 16  5]
 [ 7  5  0  7 13  0 16  2 13  2  0  6  7  9 11 13 12]
 [ 6 10  7  2 11  8  3 12  4 10  1  2 10  7  7  5 10]
 [ 3  1 13 11 12  5  2  7  7  8  5  7  8  4 11  5  3]
 [ 2  6  0  8  5  6  2 14 13  0 11 11  1  6  5  5 15]
 [ 9  4 16  3  2  2  8  1  5  8 10 10 10  9  4  9  8]
 [ 3  5  2 12  7 14  1 10 12  2  6 10  7  6  1  8  6]
 [ 3  9 13  4  7 13  5 12 12 15 17  4  9  8  3 11 12]
 [ 7  9  2 10  8  0  8  2 15 14  6 13  9 14  7 10 10]
 [18  2  0  1  5 11 10  6 17  6 18  1  7  4  8  4 12]
 [13  6  6  2  7 11 10 10  4 13  1 12  3 14  1  6 12]
 [ 8  2  7 10  8  1 10  7  9  9  7  3  0  5 13  6  6]
 [ 9  8  9  7  4  6  9  6  8 14  4 14  5  6  7 10 10]
 [ 9  6 11  7 11  5  4  1  3  7  8  1 13  7 16 10  6]
 [ 5 16 13  5  5  5  9  8 11 10  4  6  6 10 10  8  4]
 [ 5  5 12 10  3 15  8  6 12 10 12 12  6 10  6  4 10]]

A + A^T 的正惯性系数：10
A + A^T 的负惯性系数：7
PS C:\Users\28102\Desktop\test> 